#
# The auth file gives the serial numbers and authorization
# codes for each known unit.
#
# It consists of 8 arguments:
#
#  1 - KMI property tag
#  2 - internal serial number
#  3 - authorization code for configuration port
#  4 - authorization code for special functions port
#  5 - authorization code for data port 1
#  6 - authorization code for data port 2
#  7 - authorization code for data port 3
#  8 - authorization code for data port 4
#
# TagNo  Serial Number     cfg   sfn   dp1   dp2   dp3   dp4
      0 0000000000000000     0     0     0     0     0     0
    382 010000069A4130DF     0     0     0     0     0     0
   1234 0010000123456789     0     0     0     0     0     0
   1638 0100000B650D9CCD     0     0     0     0     0     0
   2228 0100000EBD47137F     0     0     0     0     0     0
   2284 0100000EAA327761     0     0     0     0     0     0
   2287 0100000EAA212DB2     0     0     0     0     0     0
   2289 0100000EA996D6AE     0     0     0     0     0     0
   2315 0100000EAA2D1C49     0     0     0     0     0     0
   2354 0100000EA9C51BA0     0     0     0     0     0     0
   2642 0100001153B4EDBF     0     0     0     0     0     0
   2659 0100001153D43E33     0     0     0     0     0     0
   2660 0100001153C31B43     0     0     0     0     0     0
   2661 0100001153C5F6BC     0     0     0     0     0     0
   2662 0100001153B48897     0     0     0     0     0     0
   2674 0100001153E49EEB     0     0     0     0     0     0
   2676 01000011078A8D8C     0     0     0     0     0     0
   2760 01000010FA8087B9     0     0     0     0     0     0
   2790 01000010FAADF602     0     0     0     0     0     0
   2798 01000010FAB0360D     0     0     0     0     0     0
   2826 01000010FA806E06     0     0     0     0     0     0
   2832 01000010FAAE2BC2     0     0     0     0     0     0
   2855 01000010FAAFEAA7     0     0     0     0     0     0
   2856 01000010FA824E33     0     0     0     0     0     0
   2862 01000010FA808252     0     0     0     0     0     0
   2896 01000010FAAE7014     0     0     0     0     0     0
   2897 01000010FA820D1F     0     0     0     0     0     0
   2899 01000010FA80596E     0     0     0     0     0     0
   2900 01000010FAADF55B     0     0     0     0     0     0
   2901 01000010FA8131C1     0     0     0     0     0     0
   3184 010000124EA206CF     0     0     0     0     0     0
   3185 0100001107229E83     0     0     0     0     0     0
   3186 010000124F596846     0     0     0     0     0     0
   3187 0100000EA9DF3AE0     0     0     0     0     0     0
   3188 01000011072BA2E0     0     0     0     0     0     0
   3189 01000010FA6E7AF9     0     0     0     0     0     0
   3752 0100000EBD426B94     0     0     0     0     0     0
   3764 010000044C8B8E13     0     0     0     0     0     0
   3765 010000044C4DA5E3     0     0     0     0     0     0
   3766 010000044C8BA181     0     0     0     0     0     0
   3817 010000044C35E377     0     0     0     0     0     0
   3818 0100000EBD9C860B     0     0     0     0     0     0
   3819 0100000EBD2CAA8F     0     0     0     0     0     0
   3820 0100000EBD9A2320     0     0     0     0     0     0
   3821 010000044C1E1751     0     0     0     0     0     0
   3822 010000044C4CDBA5     0     0     0     0     0     0
   3823 010000044C40978C     0     0     0     0     0     0
   3824 010000044C7D1FAF     0     0     0     0     0     0
   3825 010000044C657BF2     0     0     0     0     0     0
   3826 010000044C62A62D     0     0     0     0     0     0
   3827 0100000EBDA1F495     0     0     0     0     0     0
   3828 0100000EBD8E95F6     0     0     0     0     0     0
   3829 010000044C31D0DC     0     0     0     0     0     0
   3830 0100000EBD520D99     0     0     0     0     0     0
   3831 010000044C62C232     0     0     0     0     0     0
   3832 0100000EBDC15ACB     0     0     0     0     0     0
   3833 010000044C8530A5     0     0     0     0     0     0
   3834 0100000EBD729E89     0     0     0     0     0     0
   3835 010000044C492FD9     0     0     0     0     0     0
   3838 0100000EBD960FCA     0     0     0     0     0     0
   3839 010000044C51350F     0     0     0     0     0     0
   3840 010000044C29E6C1     0     0     0     0     0     0
   3841 0100000EBDA4FDD1     0     0     0     0     0     0
   3842 0100000EBD5DA841     0     0     0     0     0     0
   3843 0100000EBD51FFCB     0     0     0     0     0     0
   3844 0100000EBD45B96F     0     0     0     0     0     0
   3845 0100000EBD4D5EFD     0     0     0     0     0     0
   3846 010000044C5E4F37     0     0     0     0     0     0
   3847 0100000EBD482DEE     0     0     0     0     0     0
   3848 0100000EBD42DD21     0     0     0     0     0     0
   3849 010000044C4B7A9F     0     0     0     0     0     0
   3850 010000044C4CDA92     0     0     0     0     0     0
   3851 010000044C4FCBB0     0     0     0     0     0     0
   3852 010000044C247BD6     0     0     0     0     0     0
   3853 010000044C71312B     0     0     0     0     0     0
   3854 0100000EBD7E4AB0     0     0     0     0     0     0
   3855 0100000EBD22DC07     0     0     0     0     0     0
   3856 0100000EBD4AFA2C     0     0     0     0     0     0
   3857 010000044C4329D6     0     0     0     0     0     0
   3858 010000044C3BB3FB     0     0     0     0     0     0
   3859 0100000EBD18A2B5     0     0     0     0     0     0
   3860 0100000EBD6FD148     0     0     0     0     0     0
   3877 010000044C482BC8     0     0     0     0     0     0
   3878 0100000EBD0C6F03     0     0     0     0     0     0
   3879 0100000EBDB33888     0     0     0     0     0     0
   3880 0100000EBD592983     0     0     0     0     0     0
   3881 0100000EBD3D77B0     0     0     0     0     0     0
   3882 0100000EBD1D9845     0     0     0     0     0     0
   3883 0100000EBD20ED5E     0     0     0     0     0     0
   3904 0100000EBD529D28     0     0     0     0     0     0
   3906 01000018758EEAF4     0     0     0     0     0     0
   3907 0100000EBD864EF4     0     0     0     0     0     0
   3908 0100000EBD4861E6     0     0     0     0     0     0
   3909 0100000EBD32C6EF     0     0     0     0     0     0
   3910 010000124F16D066     0     0     0     0     0     0
   3911 0100000EBD0810A0     0     0     0     0     0     0
   3912 0100000EBD3DAB09     0     0     0     0     0     0
   3914 0100000EBD54D457     0     0     0     0     0     0
   3915 0100000EBD3BB36F     0     0     0     0     0     0
   3916 0100000EBD93D424     0     0     0     0     0     0
   3948 0100000EBD0A618C     0     0     0     0     0     0
   3949 0100000EBD6654BA     0     0     0     0     0     0
   3954 0100000EBD022851     0     0     0     0     0     0
   3955 0100000EBD411F9E     0     0     0     0     0     0
   3956 0100000EBDA7185D     0     0     0     0     0     0
   3957 010000124F1E4FCD     0     0     0     0     0     0
   3958 0100000EBD4585FF     0     0     0     0     0     0
   3959 0100000EBD7C84BF     0     0     0     0     0     0
   3960 0100000EBD4D94AD     0     0     0     0     0     0
   4409 0100001418BC7AF4     0     0     0     0     0     0
   4528 0100001418B4FB17     0     0     0     0     0     0
   4614 010000144DEE759F     0     0     0     0     0     0
   4615 010000143B2A2867     0     0     0     0     0     0
   4616 0100001418C87495     0     0     0     0     0     0
   4617 010000143B0AA1E3     0     0     0     0     0     0
   4619 010000143B0CC639     0     0     0     0     0     0
   5021 010000144DEB46F9     0     0     0     0     0     0
   5129 01000014AC03F200     0     0     0     0     0     0
   5137 01000014ABF5804A     0     0     0     0     0     0
   5276 01000014ABF2DAFA     0     0     0     0     0     0
   5277 01000014EB1B5278     0     0     0     0     0     0
   5278 01000014ABF5E3D0     0     0     0     0     0     0
   5279 01000014EB1B4D07     0     0     0     0     0     0
   5280 01000014EB69D125     0     0     0     0     0     0
   5281 01000014EB1AB519     0     0     0     0     0     0
   5282 01000014EB36A8D1     0     0     0     0     0     0
   5632 0100001557B49EEE     0     0     0     0     0     0
   5646 01000015575AE5F6     0     0     0     0     0     0
   5985 01000016A9A3CE6D     0     0     0     0     0     0
   6474 01000018755B009E     0     0     0     0     0     0
   6475 01000003CA330106     0     0     0     0     0     0
   6672 01000003C9CB58AE     0     0     0     0     0     0
   6674 01000003CA3323DE     0     0     0     0     0     0
   6676 01000003C9F244FF     0     0     0     0     0     0
   6677 01000003C9E89BDE     0     0     0     0     0     0
   6678 01000003C9D89727     0     0     0     0     0     0
   6679 01000003C9F07D07     0     0     0     0     0     0
